 <pre>

 Contingency table for Rh2m (%)
 Selection: Ireland     28 stations
Period: 20180601-20180614
Used {00} + 01 02 ... 24
 Limits    30.0000000       50.0000000       65.0000000       75.0000000       85.0000000       95.0000000       100.000000    
 Each class is data <= limit, the very last > last limit
 Total number of values        9396
                                              OBSERVATION
                                      0        0        0        0        0        0        0        0 |         0
                                      0       15       73       13        3        0        0        0 |       104
                                      0       64      407      394      124       16        0        0 |      1005
              Wopt_F_SC_T_SA_F        0       14      335      759      620      170        6        0 |      1904
                                      0        2       84      460     1096      733      114        0 |      2489
                                      0        1       22      111      518     1481      598        0 |      2731
                                      0        0        3        6       39      351      608        0 |      1007
                                      0        0        0        0        2       16      138        0 |       156

                    SUM               0       96      924     1743     2402     2767     1464        0 |      9396
                                              OBSERVATION
                                      0        0        0        0        0        0        0        0 |         0
                                      0        9       43       12        3        0        0        0 |        67
                                      0       56      331      279       97       11        0        0 |       774
              Wopt_F_SC_F_SA_F        0       20      359      715      538      162        9        0 |      1803
                                      0        6      139      570     1140      717      117        0 |      2689
                                      0        5       50      154      573     1471      567        0 |      2820
                                      0        0        2       13       50      386      630        0 |      1081
                                      0        0        0        0        1       20      141        0 |       162

                    SUM               0       96      924     1743     2402     2767     1464        0 |      9396
                                              OBSERVATION
                                      0        0        0        0        0        0        0        0 |         0
                                      0       12       72       13        3        0        0        0 |       100
                                      0       66      398      369      124       20        0        0 |       977
              Wopt_F_SC_T_SA_T        0       14      344      770      628      166        5        0 |      1927
                                      0        3       81      461     1058      726      112        0 |      2441
                                      0        1       26      119      546     1488      589        0 |      2769
                                      0        0        3       11       39      350      606        0 |      1009
                                      0        0        0        0        4       17      152        0 |       173

                    SUM               0       96      924     1743     2402     2767     1464        0 |      9396
                                              OBSERVATION
                                      0        0        0        0        0        0        0        0 |         0
                                      0       15       73       11        3        0        0        0 |       102
                                      0       61      378      369      121       13        0        0 |       942
              Wopt_T_SC_T_SA_F        0       14      341      739      610      162        9        0 |      1875
                                      0        4      104      502     1090      741      104        0 |      2545
                                      0        1       28      115      540     1484      598        0 |      2766
                                      0        1        0        7       36      349      624        0 |      1017
                                      0        0        0        0        2       18      129        0 |       149

                    SUM               0       96      924     1743     2402     2767     1464        0 |      9396
                                              OBSERVATION
                                      0        0        0        0        0        0        0        0 |         0
                                      0       13       72       12        1        0        0        0 |        98
                                      0       63      359      354      123       16        0        0 |       915
              Wopt_T_SC_T_SA_T        0       16      358      760      599      165        7        0 |      1905
                                      0        2      112      495     1092      716      104        0 |      2521
                                      0        1       22      114      543     1488      594        0 |      2762
                                      0        1        1        8       42      364      621        0 |      1037
                                      0        0        0        0        2       18      138        0 |       158

                    SUM               0       96      924     1743     2402     2767     1464        0 |      9396

