 <pre>

 Contingency table for Rh2m (%)
 Selection: ALL     33 stations
Period: 20180601-20180614
Used {00,12} + 01 02 ... 24
 Limits    30.0000000       50.0000000       65.0000000       75.0000000       85.0000000       95.0000000       100.000000    
 Each class is data <= limit, the very last > last limit
 Total number of values       22148
                                              OBSERVATION
                                      0        0        0        0        0        0        0        0 |         0
                                      0       59      202       36        7        0        0        0 |       304
                                      0      132      995      966      321       29        0        0 |      2443
              Wopt_F_SC_T_SA_F        0       28      708     1823     1637      453       14        0 |      4663
                                      0        2      158     1002     2657     1933      250        0 |      6002
                                      0        1       48      248     1235     3461     1371        0 |      6364
                                      0        0        4       16       88      687     1245        0 |      2040
                                      0        0        0        0        3       34      295        0 |       332

                    SUM               0      222     2115     4091     5948     6597     3175        0 |     22148
                                              OBSERVATION
                                      0        0        0        0        0        0        0        0 |         0
                                      0       44      143       32        7        0        0        0 |       226
                                      0      117      826      672      261       25        0        0 |      1901
              Wopt_F_SC_F_SA_F        0       43      774     1792     1422      412       16        0 |      4459
                                      0        9      278     1254     2808     1906      258        0 |      6513
                                      0        9       88      305     1355     3463     1338        0 |      6558
                                      0        0        6       36       92      752     1284        0 |      2170
                                      0        0        0        0        3       39      279        0 |       321

                    SUM               0      222     2115     4091     5948     6597     3175        0 |     22148
                                              OBSERVATION
                                      0        0        0        0        0        0        0        0 |         0
                                      0       57      199       33        7        0        0        0 |       296
                                      0      128      983      916      305       33        0        0 |      2365
              Wopt_F_SC_T_SA_T        0       31      723     1867     1654      445       14        0 |      4734
                                      0        5      154      993     2632     1945      270        0 |      5999
                                      0        1       51      260     1254     3443     1337        0 |      6346
                                      0        0        5       22       90      695     1249        0 |      2061
                                      0        0        0        0        6       36      305        0 |       347

                    SUM               0      222     2115     4091     5948     6597     3175        0 |     22148
                                              OBSERVATION
                                      0        0        0        0        0        0        0        0 |         0
                                      0       55      188       29        6        0        0        0 |       278
                                      0      125      933      895      308       28        0        0 |      2289
              Wopt_T_SC_T_SA_F        0       33      744     1831     1613      436       17        0 |      4674
                                      0        6      195     1054     2676     1925      239        0 |      6095
                                      0        2       55      267     1253     3468     1376        0 |      6421
                                      0        1        0       15       89      703     1269        0 |      2077
                                      0        0        0        0        3       37      274        0 |       314

                    SUM               0      222     2115     4091     5948     6597     3175        0 |     22148
                                              OBSERVATION
                                      0        0        0        0        0        0        0        0 |         0
                                      0       54      188       33        6        0        0        0 |       281
                                      0      128      901      866      294       31        1        0 |      2221
              Wopt_T_SC_T_SA_T        0       34      763     1843     1582      436       13        0 |      4671
                                      0        4      218     1082     2664     1898      242        0 |      6108
                                      0        1       41      246     1308     3457     1363        0 |      6416
                                      0        1        4       21       89      741     1270        0 |      2126
                                      0        0        0        0        5       34      286        0 |       325

                    SUM               0      222     2115     4091     5948     6597     3175        0 |     22148

