 <pre>

 Contingency table for Cloud base (m)
 Selection: ALL     32 stations
Period: 20180601-20180614
Used {00,12} + 01 02 ... 24
 Limits    70.0000000       150.000000       300.000000       600.000000       1000.00000       1500.00000       2500.00000       5000.00000    
 Each class is data <= limit, the very last > last limit
 Total number of values       16027
                                                       OBSERVATION
                                    299       94       17       11        3       17       19       24        0 |       484
                                    114       52       33       15        6        7        5        5        1 |       238
                                    125      168      194       84       21       14       13        5        2 |       626
                                    117      151      365      511      177      108       49       30       11 |      1519
              Wopt_F_SC_T_SA_F      110       85      202      795     1036      513      114       66       28 |      2949
                                     79       56       83      390      774      855      119       66       23 |      2445
                                     49       33       57      186      247      323      146       37       19 |      1097
                                     17       10       14      120       94       76      124      182       20 |       657
                                    299      219      248      723     1159     1381      676      815      492 |      6012

                    SUM            1209      868     1213     2835     3517     3294     1265     1230      596 |     16027
                                                       OBSERVATION
                                    302       95       19       13        5       24       22       31        2 |       513
                                    146       76       39       19       12        4       13        5        0 |       314
                                    121      171      213       98       20       21       10       11        3 |       668
                                    116      153      386      597      247      140       56       39       14 |      1748
              Wopt_F_SC_F_SA_F       87       77      169      725     1042      557      103       55       29 |      2844
                                     73       50       69      361      664      725       74       59       16 |      2091
                                     34       36       46      182      212      316      145       33       21 |      1025
                                     26       18       15      115       87      121      150      162       27 |       721
                                    304      192      257      725     1228     1386      692      835      484 |      6103

                    SUM            1209      868     1213     2835     3517     3294     1265     1230      596 |     16027
                                                       OBSERVATION
                                    312       86       22       11        3       18       16       29        0 |       497
                                    133       70       32       14        6        5        5        2        0 |       267
                                    111      158      208       88       14       13       11        8        6 |       617
                                    120      144      358      520      188      119       43       36       10 |      1538
              Wopt_F_SC_T_SA_T       90       95      194      834     1117      535      118       69       27 |      3079
                                     82       46       84      388      749      795      115       55       21 |      2335
                                     44       30       53      175      221      341      159       36       17 |      1076
                                     21       12       19      110       88       74      107      160       20 |       611
                                    296      227      243      695     1131     1394      691      835      495 |      6007

                    SUM            1209      868     1213     2835     3517     3294     1265     1230      596 |     16027
                                                       OBSERVATION
                                    293       88       23       10        4       20       19       31        1 |       489
                                    132       61       26       15        7        2        6        5        2 |       256
                                    123      161      218       87       16       15        8        6        4 |       638
                                    136      150      358      531      198      125       43       40        9 |      1590
              Wopt_T_SC_T_SA_F       91       85      203      841     1113      557      135       50       28 |      3103
                                     78       56       76      351      677      785       99       64       22 |      2208
                                     41       19       44      174      245      322      149       30       20 |      1044
                                     22       12       18      112       85       91      114      176       14 |       644
                                    293      236      247      714     1172     1377      692      828      496 |      6055

                    SUM            1209      868     1213     2835     3517     3294     1265     1230      596 |     16027
                                                       OBSERVATION
                                    289       96       20       12        5       21       17       27        0 |       487
                                    121       59       38       15        6        5        5        3        2 |       254
                                    133      164      207       95       18       15       12        8        5 |       657
                                    141      158      364      543      203      126       50       44        8 |      1637
              Wopt_T_SC_T_SA_T       87       83      197      833     1109      561      114       65       24 |      3073
                                     81       50       78      369      731      782      112       57       22 |      2282
                                     29       25       56      171      219      305      156       29       24 |      1014
                                     24       20       18      112      100       92      115      160       16 |       657
                                    304      213      235      685     1126     1387      684      837      495 |      5966

                    SUM            1209      868     1213     2835     3517     3294     1265     1230      596 |     16027

