 <pre>

 Contingency table for Rh2m (%)
 Selection: ALL     33 stations
Period: 20180601-20180614
Used {00} + 01 02 ... 24
 Limits    30.0000000       50.0000000       65.0000000       75.0000000       85.0000000       95.0000000       100.000000    
 Each class is data <= limit, the very last > last limit
 Total number of values       11074
                                              OBSERVATION
                                      0        0        0        0        0        0        0        0 |         0
                                      0       28      102       18        4        0        0        0 |       152
                                      0       65      480      479      163       17        0        0 |      1204
              Wopt_F_SC_T_SA_F        0       15      359      904      792      214        7        0 |      2291
                                      0        2       86      500     1336      923      129        0 |      2976
                                      0        1       22      120      594     1738      731        0 |      3206
                                      0        0        3        6       40      363      668        0 |      1080
                                      0        0        0        0        2       16      147        0 |       165

                    SUM               0      111     1052     2027     2931     3271     1682        0 |     11074
                                              OBSERVATION
                                      0        0        0        0        0        0        0        0 |         0
                                      0       20       70       18        4        0        0        0 |       112
                                      0       59      395      336      129       11        0        0 |       930
              Wopt_F_SC_F_SA_F        0       21      391      871      704      196       10        0 |      2193
                                      0        6      144      626     1388      918      132        0 |      3214
                                      0        5       50      162      654     1726      702        0 |      3299
                                      0        0        2       14       51      400      687        0 |      1154
                                      0        0        0        0        1       20      151        0 |       172

                    SUM               0      111     1052     2027     2931     3271     1682        0 |     11074
                                              OBSERVATION
                                      0        0        0        0        0        0        0        0 |         0
                                      0       25      104       18        4        0        0        0 |       151
                                      0       67      470      453      162       21        0        0 |      1173
              Wopt_F_SC_T_SA_T        0       15      366      927      803      209        6        0 |      2326
                                      0        3       83      492     1305      919      134        0 |      2936
                                      0        1       26      126      613     1742      717        0 |      3225
                                      0        0        3       11       40      363      664        0 |      1081
                                      0        0        0        0        4       17      161        0 |       182

                    SUM               0      111     1052     2027     2931     3271     1682        0 |     11074
                                              OBSERVATION
                                      0        0        0        0        0        0        0        0 |         0
                                      0       28      101       15        4        0        0        0 |       148
                                      0       63      455      452      158       14        0        0 |      1142
              Wopt_T_SC_T_SA_F        0       14      360      889      780      203       10        0 |      2256
                                      0        4      108      543     1337      934      125        0 |      3051
                                      0        1       28      120      612     1739      724        0 |      3224
                                      0        1        0        8       38      363      685        0 |      1095
                                      0        0        0        0        2       18      138        0 |       158

                    SUM               0      111     1052     2027     2931     3271     1682        0 |     11074
                                              OBSERVATION
                                      0        0        0        0        0        0        0        0 |         0
                                      0       26       99       17        2        0        0        0 |       144
                                      0       64      434      433      157       17        0        0 |      1105
              Wopt_T_SC_T_SA_T        0       17      381      914      772      205        8        0 |      2297
                                      0        2      115      533     1340      913      121        0 |      3024
                                      0        1       22      122      615     1740      723        0 |      3223
                                      0        1        1        8       43      378      682        0 |      1113
                                      0        0        0        0        2       18      148        0 |       168

                    SUM               0      111     1052     2027     2931     3271     1682        0 |     11074

