 <pre>

 Contingency table for Rh2m (%)
 Selection: Ireland     28 stations
Period: 20180601-20180614
Used {00,12} + 01 02 ... 24
 Limits    30.0000000       50.0000000       65.0000000       75.0000000       85.0000000       95.0000000       100.000000    
 Each class is data <= limit, the very last > last limit
 Total number of values       18792
                                              OBSERVATION
                                      0        0        0        0        0        0        0        0 |         0
                                      0       33      141       31        5        0        0        0 |       210
                                      0      129      851      787      244       27        0        0 |      2038
              Wopt_F_SC_T_SA_F        0       27      661     1537     1303      371       12        0 |      3911
                                      0        2      153      909     2166     1518      218        0 |      4966
                                      0        1       48      235     1075     2956     1124        0 |      5439
                                      0        0        4       16       86      660     1146        0 |      1912
                                      0        0        0        0        3       34      279        0 |       316

                    SUM               0      192     1858     3515     4882     5566     2779        0 |     18792
                                              OBSERVATION
                                      0        0        0        0        0        0        0        0 |         0
                                      0       21       90       22        5        0        0        0 |       138
                                      0      111      688      549      198       24        0        0 |      1570
              Wopt_F_SC_F_SA_F        0       42      717     1480     1101      345       15        0 |      3700
                                      0        9      269     1137     2303     1482      228        0 |      5428
                                      0        9       88      292     1181     2950     1085        0 |      5605
                                      0        0        6       35       91      726     1189        0 |      2047
                                      0        0        0        0        3       39      262        0 |       304

                    SUM               0      192     1858     3515     4882     5566     2779        0 |     18792
                                              OBSERVATION
                                      0        0        0        0        0        0        0        0 |         0
                                      0       31      135       27        5        0        0        0 |       198
                                      0      125      841      740      230       31        0        0 |      1967
              Wopt_F_SC_T_SA_T        0       30      676     1559     1310      359       12        0 |      3946
                                      0        5      150      918     2135     1533      230        0 |      4971
                                      0        1       51      249     1107     2938     1095        0 |      5441
                                      0        0        5       22       89      669     1153        0 |      1938
                                      0        0        0        0        6       36      289        0 |       331

                    SUM               0      192     1858     3515     4882     5566     2779        0 |     18792
                                              OBSERVATION
                                      0        0        0        0        0        0        0        0 |         0
                                      0       29      132       24        4        0        0        0 |       189
                                      0      121      777      729      235       26        0        0 |      1888
              Wopt_T_SC_T_SA_F        0       33      706     1529     1278      358       16        0 |      3920
                                      0        6      188      960     2176     1510      201        0 |      5041
                                      0        2       55      259     1099     2958     1134        0 |      5507
                                      0        1        0       14       87      677     1170        0 |      1949
                                      0        0        0        0        3       37      258        0 |       298

                    SUM               0      192     1858     3515     4882     5566     2779        0 |     18792
                                              OBSERVATION
                                      0        0        0        0        0        0        0        0 |         0
                                      0       28      131       27        4        0        0        0 |       190
                                      0      125      752      704      224       29        1        0 |      1835
              Wopt_T_SC_T_SA_T        0       33      718     1533     1247      354       12        0 |      3897
                                      0        4      212      996     2159     1485      210        0 |      5066
                                      0        1       41      234     1155     2950     1119        0 |      5500
                                      0        1        4       21       88      714     1168        0 |      1996
                                      0        0        0        0        5       34      269        0 |       308

                    SUM               0      192     1858     3515     4882     5566     2779        0 |     18792

