 <pre>

 Contingency table for Rh2m (%)
 Selection: ALL     33 stations
Period: 20180601-20180614
Used {12} + 01 02 ... 24
 Limits    30.0000000       50.0000000       65.0000000       75.0000000       85.0000000       95.0000000       100.000000    
 Each class is data <= limit, the very last > last limit
 Total number of values       11074
                                              OBSERVATION
                                      0        0        0        0        0        0        0        0 |         0
                                      0       31      100       18        3        0        0        0 |       152
                                      0       67      515      487      158       12        0        0 |      1239
              Wopt_F_SC_T_SA_F        0       13      349      919      845      239        7        0 |      2372
                                      0        0       72      502     1321     1010      121        0 |      3026
                                      0        0       26      128      641     1723      640        0 |      3158
                                      0        0        1       10       48      324      577        0 |       960
                                      0        0        0        0        1       18      148        0 |       167

                    SUM               0      111     1063     2064     3017     3326     1493        0 |     11074
                                              OBSERVATION
                                      0        0        0        0        0        0        0        0 |         0
                                      0       24       73       14        3        0        0        0 |       114
                                      0       58      431      336      132       14        0        0 |       971
              Wopt_F_SC_F_SA_F        0       22      383      921      718      216        6        0 |      2266
                                      0        3      134      628     1420      988      126        0 |      3299
                                      0        4       38      143      701     1737      636        0 |      3259
                                      0        0        4       22       41      352      597        0 |      1016
                                      0        0        0        0        2       19      128        0 |       149

                    SUM               0      111     1063     2064     3017     3326     1493        0 |     11074
                                              OBSERVATION
                                      0        0        0        0        0        0        0        0 |         0
                                      0       32       95       15        3        0        0        0 |       145
                                      0       61      513      463      143       12        0        0 |      1192
              Wopt_F_SC_T_SA_T        0       16      357      940      851      236        8        0 |      2408
                                      0        2       71      501     1327     1026      136        0 |      3063
                                      0        0       25      134      641     1701      620        0 |      3121
                                      0        0        2       11       50      332      585        0 |       980
                                      0        0        0        0        2       19      144        0 |       165

                    SUM               0      111     1063     2064     3017     3326     1493        0 |     11074
                                              OBSERVATION
                                      0        0        0        0        0        0        0        0 |         0
                                      0       27       87       14        2        0        0        0 |       130
                                      0       62      478      443      150       14        0        0 |      1147
              Wopt_T_SC_T_SA_F        0       19      384      942      833      233        7        0 |      2418
                                      0        2       87      511     1339      991      114        0 |      3044
                                      0        1       27      147      641     1729      652        0 |      3197
                                      0        0        0        7       51      340      584        0 |       982
                                      0        0        0        0        1       19      136        0 |       156

                    SUM               0      111     1063     2064     3017     3326     1493        0 |     11074
                                              OBSERVATION
                                      0        0        0        0        0        0        0        0 |         0
                                      0       28       89       16        4        0        0        0 |       137
                                      0       64      467      433      137       14        1        0 |      1116
              Wopt_T_SC_T_SA_T        0       17      382      929      810      231        5        0 |      2374
                                      0        2      103      549     1324      985      121        0 |      3084
                                      0        0       19      124      693     1717      640        0 |      3193
                                      0        0        3       13       46      363      588        0 |      1013
                                      0        0        0        0        3       16      138        0 |       157

                    SUM               0      111     1063     2064     3017     3326     1493        0 |     11074

