 <pre>

 Contingency table for Cloud base (m)
 Selection: Ireland     27 stations
Period: 20180601-20180614
Used {00,12} + 01 02 ... 24
 Limits    70.0000000       150.000000       300.000000       600.000000       1000.00000       1500.00000       2500.00000       5000.00000    
 Each class is data <= limit, the very last > last limit
 Total number of values       13899
                                                       OBSERVATION
                                    254       91       15        9        3       16       19       23        0 |       430
                                    100       49       31       10        3        7        5        5        1 |       211
                                    100      153      180       76       17        8       13        5        2 |       554
                                    113      140      347      458      164       91       45       28       11 |      1397
              Wopt_F_SC_T_SA_F       90       80      187      674      958      445      104       52       28 |      2618
                                     69       54       79      359      707      736       92       58       18 |      2172
                                     39       27       52      158      230      261      125       33       10 |       935
                                     16       10       11       97       79       73      115      163       19 |       583
                                    259      200      233      645     1007     1083      525      674      373 |      4999

                    SUM            1040      804     1135     2486     3168     2720     1043     1041      462 |     13899
                                                       OBSERVATION
                                    255       92       19       11        3       21       22       30        2 |       455
                                    123       70       36       13       10        2       13        4        0 |       271
                                    101      156      198       85       16       15       10       11        3 |       595
                                    110      146      367      548      225      114       52       38       14 |      1614
              Wopt_F_SC_F_SA_F       75       73      157      621      968      501       88       42       29 |      2554
                                     63       46       64      331      616      610       57       52       12 |      1851
                                     26       31       41      149      195      263      115       30       13 |       863
                                     21       18       12       93       69      110      140      146       27 |       636
                                    266      172      241      635     1066     1084      546      688      362 |      5060

                    SUM            1040      804     1135     2486     3168     2720     1043     1041      462 |     13899
                                                       OBSERVATION
                                    270       84       20        9        3       16       16       27        0 |       445
                                    118       65       31        9        4        5        5        2        0 |       239
                                     88      144      192       76       11        8       11        8        6 |       544
                                    116      135      341      471      176       97       40       35       10 |      1421
              Wopt_F_SC_T_SA_T       71       91      180      715     1036      465      104       57       27 |      2746
                                     71       43       79      351      684      683       91       48       17 |      2067
                                     35       23       47      150      202      285      138       30        9 |       919
                                     20       12       16       89       71       69       96      145       19 |       537
                                    251      207      229      616      981     1092      542      689      374 |      4981

                    SUM            1040      804     1135     2486     3168     2720     1043     1041      462 |     13899
                                                       OBSERVATION
                                    252       86       22        8        3       18       19       30        1 |       439
                                    114       58       24       10        5        2        6        5        2 |       226
                                    103      145      203       75       13        9        8        6        4 |       566
                                    127      141      338      480      186      105       38       38        9 |      1462
              Wopt_T_SC_T_SA_F       75       79      190      717     1029      491      121       38       28 |      2768
                                     67       53       71      321      614      666       75       53       18 |      1938
                                     33       16       39      148      224      271      132       28       11 |       902
                                     21       12       15       89       70       86      103      159       14 |       569
                                    248      214      233      638     1024     1072      541      684      375 |      5029

                    SUM            1040      804     1135     2486     3168     2720     1043     1041      462 |     13899
                                                       OBSERVATION
                                    243       94       19       10        3       19       17       26        0 |       431
                                    106       56       35       10        4        4        5        3        2 |       225
                                    111      146      193       84       15       10       12        8        5 |       584
                                    131      150      344      493      189      106       47       42        8 |      1510
              Wopt_T_SC_T_SA_T       72       78      183      713     1033      495      103       51       24 |      2752
                                     72       47       74      335      668      672       85       48       19 |      2020
                                     23       22       51      144      198      246      137       27       15 |       863
                                     21       20       15       88       83       85      102      145       15 |       574
                                    261      191      221      609      975     1083      535      691      374 |      4940

                    SUM            1040      804     1135     2486     3168     2720     1043     1041      462 |     13899

