 <pre>

 Contingency table for Rh2m (%)
 Selection: Ireland     28 stations
Period: 20180601-20180614
Used {12} + 01 02 ... 24
 Limits    30.0000000       50.0000000       65.0000000       75.0000000       85.0000000       95.0000000       100.000000    
 Each class is data <= limit, the very last > last limit
 Total number of values        9396
                                              OBSERVATION
                                      0        0        0        0        0        0        0        0 |         0
                                      0       18       68       18        2        0        0        0 |       106
                                      0       65      444      393      120       11        0        0 |      1033
              Wopt_F_SC_T_SA_F        0       13      326      778      683      201        6        0 |      2007
                                      0        0       69      449     1070      785      104        0 |      2477
                                      0        0       26      124      557     1475      526        0 |      2708
                                      0        0        1       10       47      309      538        0 |       905
                                      0        0        0        0        1       18      141        0 |       160

                    SUM               0       96      934     1772     2480     2799     1315        0 |      9396
                                              OBSERVATION
                                      0        0        0        0        0        0        0        0 |         0
                                      0       12       47       10        2        0        0        0 |        71
                                      0       55      357      270      101       13        0        0 |       796
              Wopt_F_SC_F_SA_F        0       22      358      765      563      183        6        0 |      1897
                                      0        3      130      567     1163      765      111        0 |      2739
                                      0        4       38      138      608     1479      518        0 |      2785
                                      0        0        4       22       41      340      559        0 |       966
                                      0        0        0        0        2       19      121        0 |       142

                    SUM               0       96      934     1772     2480     2799     1315        0 |      9396
                                              OBSERVATION
                                      0        0        0        0        0        0        0        0 |         0
                                      0       19       63       14        2        0        0        0 |        98
                                      0       59      443      371      106       11        0        0 |       990
              Wopt_F_SC_T_SA_T        0       16      332      789      682      193        7        0 |      2019
                                      0        2       69      457     1077      807      118        0 |      2530
                                      0        0       25      130      561     1450      506        0 |      2672
                                      0        0        2       11       50      319      547        0 |       929
                                      0        0        0        0        2       19      137        0 |       158

                    SUM               0       96      934     1772     2480     2799     1315        0 |      9396
                                              OBSERVATION
                                      0        0        0        0        0        0        0        0 |         0
                                      0       14       59       13        1        0        0        0 |        87
                                      0       60      399      360      114       13        0        0 |       946
              Wopt_T_SC_T_SA_F        0       19      365      790      668      196        7        0 |      2045
                                      0        2       84      458     1086      769       97        0 |      2496
                                      0        1       27      144      559     1474      536        0 |      2741
                                      0        0        0        7       51      328      546        0 |       932
                                      0        0        0        0        1       19      129        0 |       149

                    SUM               0       96      934     1772     2480     2799     1315        0 |      9396
                                              OBSERVATION
                                      0        0        0        0        0        0        0        0 |         0
                                      0       15       59       15        3        0        0        0 |        92
                                      0       62      393      350      101       13        1        0 |       920
              Wopt_T_SC_T_SA_T        0       17      360      773      648      189        5        0 |      1992
                                      0        2      100      501     1067      769      106        0 |      2545
                                      0        0       19      120      612     1462      525        0 |      2738
                                      0        0        3       13       46      350      547        0 |       959
                                      0        0        0        0        3       16      131        0 |       150

                    SUM               0       96      934     1772     2480     2799     1315        0 |      9396

